913
1109
1146
441
1555
1332
1668
1210
1044
862
938
866
1556
809
1194
1445
1179
1297
469
1597
2541
1101
1214
996
1094
1667
1725
646
487
941
1589
993
819
708
1553
909
1051
1639
1282
1257
2139
686
1301
1321
845
2096
696
1497
1551
2084
1696
1068
863
572
1962
3423
2169
1730
1136
1475
995
1249
463
632
518
543
491
980
883
1587
751
1392
775
918
1397
2360
1645
1207
1476
874
1517
1349
666
1262
1232
1777
1097
1521
1196
1458
747
1112
1557
844
825
1922
952
1404
815
1536
3837
556
1422
510
1425
1849
520
1565
2583
837
2005
1107
1069
533
1420
1925
1313
1230
725
1238
965
1025
1497
1498
463
1602
878
1248
734
1681
1957
1685
1214
1304
1935
2464
1350
1333
1724
1375
696
420
424
753
483
1028
695
1575
1664
410
2186
1931
1602
515
914
1132
1496
1095
946
1043
2150
1236
1643
981
1613
876
1533
1547
1568
971
822
1068
1747
389
1790
1936
831
2515
1276
820
1279
2242
1561
842
1645
2259
1047
2050
857
973
1108
1103
1756
662
978
1893
1158
1003
1429
975
1541
2699
924
761
1164
2076
2621
516
1177
1139
2292
1118
428
692
1354
622
558
528
546
576
487
801
459
670
539
558
1308
957
2367
773
1367
651
1756
697
937
1486
1639
1665
1631
1288
1721
732
1339
563
1008
2232
1703
1786
1142
1108
1963
986
1069
773
1307
1391
998
920
930
1110
1373
833
1227
675
655
511
1456
860
769
1124
1594
1204
951
1330
1394
1897
1022
1616
1313
1658
1511
1257
1128
1395
941
1481
1508
1001
1281
1168
946
1399
814
1350
1884
1518
1711
1757
1362
570
1503
1475
1050
1424
1493
1862
2630
1162
1269
968
1424
1491
1078
595
1090
1123
1499
706
433
696
2368
995
808
822
527
1139
455
1012
694
361
1929
626
544
556
363
1430
629
466
569
853
1747
414
1028
535
649
587
681
1077
1727
646
975
1099
1399
1052
1301
1158
1035
1485
1316
882
525
1207
561
1578
1259
1297
853
1749
522
1324
1578
741
1609
1942
1068
1615
1043
1914
775
1557
1550
1061
3192
686
923
2688
1386
1192
1597
892
2041
2036
1125
1956
1215
4301
707
1088
1553
874
730
1259
1748
1879
1717
2781
1221
1326
1730
940
1014
1182
1453
1959
964
1240
1091
984
802
1373
2545
1389
1818
2128
544
2154
1203
1007
769
3434
548
965
1426
561
1128
755
2417
1222
1558
4122
2079
1067
2273
2610
882
1524
1067
1884
1349
1673
982
2608
1951
1929
1819
1431
2169
2049
1066
1049
1165
1395
1181
969
1062
1315
1565
2072
1010
1996
5138
1293
1805
1055
2010
1451
528
651
1611
1137
1741
972
1224
1111
1604
774
960
621
1475
984
3365
1105
1810
1357
1645
4608
1215
3195
1946
1089
4178
3391
1204
917
2485
2244
2278
776
1412
915
2662
2196
1561
1717
516
506
460
571
905
871
526
1156
1103
502
884
1628
1091
1278
1147
1401
3317
1307
507
1038
1681
895
1484
2038
1194
1036
4253
849
1124
884
1588
1711
1217
1130
952
2225
695
1509
523
2642
1166
967
1331
1456
989
1309
1444
1523
1791
1091
1772
1702
1470
1932
1120
1752
1534
1173
2035
1475
1889
1861
426
1268
470
1614
2894
1613
1580
1009
1498
1824
901
1228
720
709
2707
771
1097
1772
2057
4350
828
2718
1306
1236
1841
644
462
750
703
1132
951
1451
802
1394
636
1624
1367
722
1343
1861
1351
2066
957
681
1873
1020
1824
835
785
2071
828
449
1025
1353
1491
1581
1267
1215
1532
2079
1190
925
629
1387
3020
1330
640
619
565
1660
739
1367
445
486
572
2346
609
578
1258
1406
1205
1147
1448
1308
1466
1605
1148
1011
1076
1524
1806
1412
1362
1328
1167
1361
1056
1006
1431
1989
2484
796
1509
1825
1490
967
1163
884
2122
1047
1335
2654
1261
829
1896
1762
1013
919
2301
1759
875
564
906
833
2339
1953
850
729
1084
761
2189
1162
2823
1721
1127
1125
1132
1056
550
1216
1262
1218
1752
1602
1848
1518
1096
846
1814
1564
883
959
1222
1096
1911
920
887
1136
478
1626
1383
1244
1558
1446
1941
1191
799
1118
857
2005
1390
2309
973
1116
1655
1201
1066
1105
2019
1578
952
2394
952
1018
1423
1555
766
1325
2427
2150
1434
1155
1001
960
1707
880
453
785
1363
2220
934
1665
2491
76
72
81
75
122
78
93
92
68
74
89
88
82
276
63
65
103
87
145
78
97
92
92
89
62
115
123
100
97
112
76
68
64
58
58
60
68
62
78
62
94
247
76
118
64
107
91
76
72
83
61
92
93
92
68
93
107
95
216
114
73
107
77
107
65
86
95
79
72
108
65
118
88
70
93
86
72
105
118
108
171
81
138
73
63
97
94
138
68
86
115
77
88
70
90
83
86
131
104
70
80
96
79
70
88
70
115
64
67
78
74
65
70
84
67
84
110
94
76
95
98
67
85
123
83
87
73
101
70
65
61
67
80
63
71
72
61
80
73
76
347
93
137
69
94
70
63
76
85
138
120
61
92
228
234
87
87
100
89
114
71
101
115
88
87
77
102
68
92
91
114
122
84
76
67
86
76
70
101
87
82
90
71
93
94
144
89
131
77
108
98
68
121
72
86
133
67
64
60
59
121
131
141
71
74
136
122
105
98
73
96
82
135
114
116
95
81
81
66
85
90
3290
1515
777
708
758
978
817
871
898
442
688
923
818
1014
943
1869
579
1765
618
1415
1117
1166
906
1370
825
396
675
900
1276
659
745
871
1253
2395
801
779
1384
654
1031
1385
718
1557
2394
950
915
1327
1440
449
1662
854
959
462
2316
691
1587
599
476
533
480
404
1876
840
834
998
1414
857
1445
640
1415
1482
710
702
1267
1109
1341
781
556
1014
685
1619
4170
1181
1054
510
514
451
877
521
996
451
546
706
2192
820
1501
1830
872
1149
1474
850
2736
708
868
1241
822
92
113
151
79
112
82
97
70
139
1384
1411
1208
637
652
629
1289
725
884
1587
731
1583
1561
501
860
1229
768
1265
1061
1106
1542
1940
793
891
942
1910
835
440
854
937
937
1282
602
832
725
1173
1523
981
992
1373
681
412
634
1203
1949
2025
1615
999
1324
1165
905
961
2387
748
910
999
1259
1996
2125
915
1074
980
1492
1131
959
691
1251
937
1371
1377
1182
1311
606
938
787
671
1242
1453
1020
2815
1518
1392
790
1244
2126
988
615
1123
1421
728
1715
2300
1079
984
638
1647
1365
1016
1018
1091
1036
1301
1263
758
973
884
1178
1179
1485
959
1002
836
797
858
952
792
1192
1424
1007
712
1497
1608
1768
857
689
622
1719
1031
899
957
793
1740
560
1663
1023
804
2303
864
1645
515
763
1618
1003
1948
998
737
814
1373
1016
875
1395
2200
818
842
522
775
1525
2286
1268
1745
1143
2185
456
851
985
1200
949
1422
756
1047
879
1383
858
1311
1297
1467
1143
1180
2954
1088
1420
639
896
2208
576
1196
1263
543
1141
1438
1548
1855
1221
784
753
661
1107
1147
822
860
1163
1050
502
1124
742
971
1402
826
989
992
563
1245
680
1332
698
1820
1571
929
1735
2315
861
1220
952
747
1307
620
3051
945
1160
917
2466
2072
773
904
961
1880
1276
1166
2824
1401
649
1203
949
739
1981
860
1532
511
569
1197
1562
1502
1338
1786
619
958
990
1267
704
1474
752
938
1155
1261
825
1752
1323
1577
802
1012
1572
1792
1545
852
3405
851
611
476
1592
1005
847
2111
2320
450
1660
990
915
1129
897
1367
941
983
1067
743
1026
603
857
961
1191
870
1048
2059
581
1005
493
1506
889
941
858
1095
640
801
710
819
814
903
1095
879
948
1925
1264
950
1126
1384
974
1446
767
698
1121
1287
704
1054
1660
1158
634
1306
793
543
1214
1262
828
1200
1263
1377
765
1469
3019
868
810
746
508
602
732
1157
2014
1300
376
531
838
1065
904
1026
1167
2299
854
1677
1823
644
1599
812
749
932
718
1629
694
847
604
1755
1678
1379
918
1168
1978
825
615
1666
1389
1046
866
904
2233
1549
1083
1184
1248
858
1819
1165
834
865
860
2125
747
991
561
1125
1216
982
1077
849
710
1238
621
1487
1724
539
654
603
1553
1420
425
726
889
780
662
1060
768
1503
932
1209
1587
1690
1130
877
845
1521
1079
996
1487
731
1193
1383
905
474
2235
1348
363
726
697
738
1660
1037
753
601
1534
1162
1434
914
1198
514
708
1999
1112
820
1060
417
1716
582
1121
637
1621
1190
823
1403
812
643
872
892
962
1265
1444
1207
1554
910
1494
1410
1328
545
1009
995
1992
1568
1069
786
1010
719
700
1524
997
2609
1917
584
1188
2044
422
822
1178
1688
680
1167
945
536
410
418
457
943
357
1587
1106
749
593
1675
962
1127
956
1310
1335
1095
924
987
732
888
579
1456
769
587
1506
813
2943
799
1015
1095
518
882
775
1715
820
790
744
1080
1994
844
813
1280
2757
926
716
710
1894
844
674
678
1497
1370
758
537
1317
1372
1061
1360
316
957
378
632
502
893
1053
1883
911
1845
1624
3062
1124
822
470
1538
781
897
1695
593
1674
798
825
734
685
899
1284
502
745
2624
110
111
81
129
123
84
156
68
96
148
136
101
78
47
83
117
146
106
151
80
119
81
138
112
84
159
107
113
135
76
92
107
84
80
78
82
85
90
86
91
127
73
110
62
96
73
95
147
115
88
122
130
115
130
123
90
68
72
76
87
90
115
62
71
77
73
131
82
81
102
112
80
79
76
73
74
97
65
105
76
91
68
78
69
113
98
135
154
87
79
137
115
127
73
72
178
142
81
102
88
84
190
98
78
88
65
76
101
75
79
105
97
108
96
73
74
70
90
65
62
91
97
78
130
87
124
143
89
108
98
65
95
112
100
98
93
72
71
83
122
71
102
83
88
88
98
80
79
160
69
91
165
153
113
93
132
110
109
120
129
174
147
83
110
100
76
71
73
72
96
118
85
67
111
92
143
161
97
93
78
120
139
96
174
83
105
154
103
138
91
113
132
104
118
74
104
114
61
85
103
64
96
95
65
91
91
71
154
115
88
142
108
145
83
83
91
108
128
114
85
95
122
101
76
119
145
89
129
152
102
138
73
74
145
73
130
168
178
154
145
134
130
82
151
90
92
125
92
112
106
85
187
87
158
86
142
169
137
85
84
123
183
94
69
67
73
69
88
86
87
114
114
124
83
121
154
129
102
69
92
90
115
68
98
83
117
4936
4169
3563
1252
3307
1223
1680
4756
2095
2214
3897
1225
2647
1176
2107
3251
3309
2574
1751
1146
2357
1184
1359
2361
2247
2566
1513
2440
935
3226
5625
1242
2796
4140
2131
2637
944
1466
1776
1685
3458
1285
2148
1693
1526
2105
2028
2213
1851
1466
2542
1205
4973
4924
2985
1167
1844
1675
1058
2387
1406
1867
1333
1312
2962
1827
1669
808
1224
4590
2567
897
2278
812
1850
2208
1877
1654
606
4348
1289
1210
1440
813
1717
4003
711
3040
1218
2551
2550
844
1307
1661
1452
1520
992
860
1331
1396
3812
5397
969
843
1270
2218
1664
1291
802
2441
2905
3536
1405
767
1097
739
956
672
1735
1067
2224
1462
1361
678
2973
1728
2954
1375
1173
1309
2697
1173
1179
1390
800
865
928
1822
1021
1806
1186
1593
1710
980
892
898
736
1234
1174
2439
1788
1480
1844
1366
1917
2567
1523
1338
1739
1700
3605
1095
1431
1005
1618
1301
1728
1737
1034
1281
3251
1662
911
1024
2081
1508
1954
1575
1077
719
3957
840
835
914
1839
3712
1397
1663
913
3590
2824
992
837
1740
1671
1747
1561
1817
1278
744
1244
584
921
1405
1475
1710
2980
3050
1166
821
953
1422
858
711
1395
1638
2668
1218
771
643
994
1368
1282
804
610
1356
1715
726
1768
1835
1811
1287
2215
980
2005
1212
1438
1433
738
1856
3496
1564
1496
1235
1446
2158
1837
1549
1293
5243
4734
1050
1449
1156
1992
1329
1335
541
1771
3658
2727
1047
1357
625
1301
2295
1114
1203
1246
1943
1650
1301
816
1634
673
2345
1475
1667
862
1435
4217
1141
1677
1350
1828
1408
1150
786
1364
646
5413
1243
763
1180
687
899
2043
1205
905
613
1089
704
957
1292
1135
729
2027
1659
1181
1512
1787
1687
1311
790
857
1625
1397
1313
985
1583
2209
1655
797
1373
3477
1640
801
1518
1746
1907
1417
1330
1078
1155
3647
1726
1574
1478
1032
1380
2154
1098
1108
1513
1372
1088
1187
1074
1368
1684
3147
1304
1050
743
1124
1862
3036
1292
727
1916
1003
1400
1196
657
1823
2825
1760
819
739
1447
2755
741
1068
1422
1201
1992
970
1925
1347
2627
1409
1791
760
1258
1124
2392
1802
674
1079
1344
1548
732
2293
869
1337
615
921
831
1199
1148
2537
1096
1112
1301
2720
2134
2044
1559
2192
1541
2395
1325
1684
2110
841
1407
704
1201
808
844
2278
1128
2006
1402
1289
2177
1502
5144
1074
2065
2809
1077
1837
1006
1279
1676
1322
1309
873
737
1652
1084
1640
1548
544
1559
1744
1610
752
1298
2920
944
1650
1392
910
1425
1316
1335
1143
1337
2030
1461
2512
1287
899
789
795
830
706
795
1043
1730
736
689
2163
1936
1060
1123
2112
3632
3080
1119
662
1275
3241
1677
1280
1476
3058
3384
1564
1585
1799
629
2051
1570
1744
1142
1999
1825
1397
481
2114
2272
796
1679
2726
2254
1463
1070
2152
713
1594
1336
1040
1561
1851
1297
947
969
2794
1410
948
1841
1715
1820
1727
2590
1707
1427
841
1009
1143
696
1307
1889
2345
1487
1499
1185
1519
1625
896
1619
537
1148
1078
1641
1368
1573
1721
3374
1190
973
2790
2972
1117
1054
2082
1699
1998
828
2756
1721
1946
762
1372
1322
1265
702
1255
1035
701
1277
1889
3811
2211
1759
1665
2613
1690
738
1191
2020
2749
1284
3088
2031
2325
1104
1859
1281
1398
1375
750
1067
1931
1421
1580
1316
2858
1875
1329
1523
3611
3196
1124
1367
2151
1499
1670
1439
1199
1447
905
3351
2017
775
1247
1329
1307
1406
647
1230
1823
1503
1372
1320
1023
1481
2388
1154
1285
1539
1926
2806
1114
996
1610
1187
1755
1068
2374
1264
1241
1456
1218
1276
1217
2174
711
1292
916
1630
1783
3419
1870
1914
981
920
1593
1571
1625
1201
1382
1518
562
507
2038
1958
2149
726
1294
902
1122
1685
1155
1601
940
1147
3030
1113
1554
3070
987
2938
1082
975
2360
2677
1971
914
1062
1415
1388
1764
1445
775
1680
1026
2275
1344
1973
2292
1789
648
1101
1933
1387
1455
1297
1048
2342
1835
1759
2722
1500
991
1521
3103
2086
931
932
1779
977
1399
984
1321
990
1538
2042
1829
1362
1491
1787
1498
1103
1067
1345
1536
1820
676
2258
988
931
1729
648
1867
1949
1445
2806
1068
902
729
1092
669
958
1255
1386
776
1070
932
1553
2138
1762
821
884
1450
740
1724
1631
1604
1027
2559
742
1390
1920
1581
1452
1194
2158
1298
1255
1151
1755
2620
1605
1034
997
2420
951
1654
1635
1534
2300
1068
1277
1580
1137
1008
1993
595
1486
2430
1381
1604
1539
1568
1426
1921
413
606
1656
912
1603
1577
695
631
1128
1141
1385
721
535
751
950
1334
1293
863
1203
486
2367
1400
1170
2925
2303
2207
2472
607
1121
1109
2576
1531
1408
748
2163
1757
1824
1503
924
2255
1154
1582
1309
899
1113
1356
707
1054
1405
3116
1620
831
608
1355
1706
840
567
1316
965
2343
2958
1383
1323
588
599
829
549
599
605
1275
848
2167
1215
1451
1887
1356
1458
1529
655
1332
803
1163
1103
669
2021
685
512
1004
487
499
4042
2493
2741
1790
2753
2530
4268
2708
1771
2953
1718
2837
1733
2435
2293
3065
4212
2138
1088
1931
3224
2037
2491
3445
2761
2420
793
2073
1358
2080
6080
1433
2444
1890
1021
1958
3448
909
2255
1075
3426
1988
3019
1753
1716
2886
1688
1951
2105
2077
2541
984
1812
784
1467
1609
1484
1987
871
4255
679
801
836
1306
2017
4288
2272
1348
1029
586
688
702
1945
3015
1601
3163
3226
1406
1528
1172
1854
1099
1182
870
1075
2226
1822
786
1285
1368
3530
657
627
1840
1450
1561
1792
791
2737
1588
1391
673
1941
778
1387
1726
667
486
1279
870
2024
932
1364
1107
1748
1676
1421
1691
2896
1084
1126
775
789
1694
1120
2010
1246
1287
846
2537
1104
1783
1259
1181
1860
1319
1893
708
917
1709
633
1680
1774
1408
745
1145
1496
829
1290
1704
2422
482
1641
1639
2181
2896
2624
925
1069
1516
2006
1178
1729
1060
810
1507
1063
1781
1017
1722
3524
1929
1364
1354
1843
3789
434
865
585
945
3169
611
1964
2278
1214
775
445
1335
1092
1568
1878
1547
1660
1476
1394
1137
728
668
574
692
525
895
650
466
736
523
848
827
1365
607
1750
1385
1599
628
751
1626
1592
887
1568
909
587
617
673
652
531
1101
831
688
625
642
1811
1069
1320
1055
1492
1808
1796
1584
719
1368
737
785
1104
1400
1184
3575
806
754
540
1504
1880
1341
2179
1406
1061
1674
1831
1801
1649
543
3472
799
1563
1706
1800
2237
669
1533
1260
1290
1809
497
544
1056
1832
1089
2058
1561
563
931
1303
651
1421
641
981
2761
1771
483
1734
788
751
1710
1832
1698
1592
5499
550
1309
1274
1396
1520
1350
1707
1357
1947
1450
1887
792
816
690
1606
912
1768
885
654
936
1017
1641
968
1762
1179
1296
904
928
1503
1965
1715
2189
822
1557
1525
1860
1063
905
1691
3290
2126
2066
1463
1192
1232
999
977
1080
988
1573
1113
1290
1680
1683
1463
1196
1498
1912
1695
1504
1559
770
2662
1588
672
1850
1789
2026
1996
1432
614
501
534
495
431
1707
715
1102
718
951
759
692
958
960
1733
1462
1728
1281
1192
1748
1512
521
734
1203
1334
1297
1638
1328
2583
2022
1720
1808
1242
1612
2142
1467
1660
1636
1215
1745
1495
1259
1338
1244
1438
571
2155
1098
1315
2249
1324
1879
1090
1456
1702
1922
1515
957
1384
1937
2229
1790
510
1532
1875
1537
1519
1666
1207
1972
1306
1512
1796
1690
1204
1913
1686
1475
1315
1701
1642
1568
1445
1451
1693
1581
1358
1637
1776
2266
1156
1511
1353
913
1452
750
1857
1421
1246
1729
1279
1360
1108
801
1495
1479
1785
790
765
1943
1133
1562
1142
889
1743
1431
1521
1945
2579
1325
1511
1471
1753
1688
2098
2132
1635
1783
1790
914
1948
2118
2193
1962
1939
752
2341
2016
1661
2342
1926
1696
1870
1637
2936
1902
1716
2452
1442
2174
1875
1303
1257
867
3373
1478
2373
1720
1810
1658
1589
1633
1612
1465
716
1649
1988
1105
1977
1648
1445
1713
1346
1167
1700
1683
1462
1368
2155
1641
1457
2128
574
867
866
1361
1640
1555
1676
526
758
792
2195
1347
1700
1604
1562
1967
1729
1489
1097
1742
1721
2561
1418
762
1845
2696
1503
2000
2464
1785
1510
1532
1800
1453
2180
1343
1364
2617
2306
1307
1509
1564
1542
1806
2055
1904
1304
1639
1877
1645
1676
1542
2208
838
1500
562
1268
2012
914
1497
1510
1858
1739
1492
2394
2556
1395
2141
2172
1525
1215
2391
2037
1943
1683
1710
2530
2154
1482
1611
1933
1497
2486
1198
2208
1498
1352
1201
641
1838
1089
1616
2349
2028
701
2263
1106
2061
1447
1283
1165
2087
1481
547
616
1139
799
1540
998
1639
1975
592
2319
1504
2390
1547
1383
2123
1417
807
2256
1217
473
949
1048
1710
2247
1395
1683
1523
1281
1888
1285
1414
1498
1608
1789
1925
1224
1596
1423
728
1957
1750
1865
586
852
1054
997
569
1276
880
1661
1489
1807
1542
1893
2209
1928
1791
1839
1788
1851
1661
2001
2237
2031
889
628
520
1659
1720
2078
1717
2127
1852
2151
2074
2073
601
1346
1377
1031
1114
1341
894
1945
1638
1417
1852
1100
1570
2719
685
1809
1386
1519
1750
1893
1668
1255
1399
1620
1273
1006
837
1474
1847
1217
1903
2014
2127
1654
1564
1826
1387
2207
2214
1010
1280
1635
565
1732
832
1712
1076
1566
2086
1619
1667
1570
1533
2444
1264
1876
2124
1908
1687
1398
726
1860
1753
1715
1333
621
1357
1314
1256
1146
1629
1247
797
1489
1486
1654
1843
1592
1620
1645
1607
1720
1917
2503
1625
1781
2775
1747
1399
1266
1100
1743
874
2319
1506
1744
1587
2333
1954
1374
1569
1459
1441
2026
1921
2423
925
1643
1455
1384
1053
1080
1604
1801
569
558
1079
1802
1928
1959
1552
1580
1955
2192
926
1449
877
1505
1383
1913
1593
1594
2119
2091
1663
2297
1695
2080
1651
1248
1716
1781
965
2252
862
1893
2138
1390
1354
2219
1974
1927
1763
1809
1402
1828
1546
2313
2287
1355
1464
1779
693
2379
1680
1061
1900
2073
1276
1456
1457
1830
1147
2086
2144
717
454
877
900
1054
1548
1536
2369
1801
1849
2188
1752
1337
1518
1416
1420
600
1705
1970
1496
2158
1477
1875
1128
1901
1055
1612
2112
1337
1642
1783
1052
1968
1461
1435
799
1506
2318
1749
1781
1336
1768
1263
1762
1186
1520
1551
1421
2073
1087
1721
1420
2223
1787
2083
1331
2092
1695
1766
1360
1802
2013
687
1939
972
1589
1707
1523
1565
634
1053
1369
2173
2220
1847
1395
2214
1250
1950
1377
1078
1185
2670
2430
2082
1039
1541
1648
1856
1506
1436
1488
806
2514
730
1629
1018
885
