4210
1238
1554
1516
3011
1855
945
2261
2322
2060
2149
1210
1910
1325
1391
1991
2100
1367
2635
2248
1826
2074
1551
1974
1999
2026
1916
2373
2911
2142
1398
1997
1806
1449
1676
2551
2434
2159
769
636
783
1818
2480
1624
2011
2029
1127
1970
1973
2666
1884
2170
1820
1860
1529
1993
2433
1785
2088
1967
2029
2000
2512
2674
2411
2262
1474
1153
2036
809
2314
1748
2339
2468
2119
2498
1484
3687
2336
1811
1217
1387
2175
2157
2613
2360
1464
2638
1974
2150
750
1088
542
611
2026
1858
1664
1574
2874
2186
2777
1899
1063
2172
1675
2363
1278
1331
2239
1775
1866
2065
2205
1457
1764
2054
2319
1896
1233
1956
1462
2188
1851
2135
2170
2201
1173
1938
1212
1839
1653
2202
2239
2292
1570
1953
1522
1789
1725
1725
3109
941
1039
1389
1752
2059
1486
2365
2112
1911
2007
1625
1518
1444
2085
2101
1228
2095
1004
1787
1242
2566
1037
1960
1669
2046
586
2133
2365
1772
1791
1355
1868
2017
1592
2096
1652
1645
1857
1361
1773
1493
2060
563
2254
1773
1620
2011
1513
1658
1675
2266
1457
979
2246
2149
1651
593
547
1439
533
2054
1712
2190
1815
1622
722
1350
1506
1150
1682
2305
1879
1624
1809
2049
1782
1567
1681
1557
1810
2314
1948
1776
2483
2471
525
1428
1495
2562
1142
1210
1945
2223
2386
1861
1157
1525
842
1972
2018
1576
1114
2045
1817
2537
750
1862
500
2728
1415
1895
2436
1747
1595
634
658
1312
1207
1858
1920
1891
1930
1525
1345
1996
1629
2103
1420
2303
1960
1556
1822
2065
3280
1754
1154
1518
969
1308
1981
769
1481
2015
1794
2193
1066
2261
1891
1310
2248
924
2035
1566
2557
1429
1468
573
1804
1987
779
800
614
686
691
610
710
571
6985
1183
671
664
670
583
647
588
614
609
616
2375
1207
761
2008
1676
1705
1708
730
1163
1868
2052
2062
1587
2054
1766
1939
1969
1874
1963
1848
2185
1947
1771
2346
1730
2161
1904
1626
1524
1703
1843
2650
1370
2171
1644
1839
1635
1954
1672
1672
1561
1479
1160
504
2649
1819
1839
744
1584
1904
1676
1573
1145
1689
1714
5089
2244
993
1671
2246
2146
1070
1749
1596
2252
1699
2471
566
1684
1688
1745
1387
1360
1178
1470
2339
1391
1616
1494
1472
1951
1831
1751
1191
1747
1468
2002
1650
1801
1925
1941
1623
2348
1742
2060
2239
1941
1679
1748
1468
1927
2067
779
1429
1373
1625
1890
1292
2648
1751
1797
987
765
1799
1331
3953
2291
7650
522
661
668
1173
673
2328
646
541
2365
894
1695
1742
1063
939
1356
1681
1581
1619
2185
1489
1738
1472
628
707
750
1133
739
814
2178
634
816
622
761
574
570
997
4980
746
612
1247
661
636
852
672
824
685
616
633
605
717
1983
1257
1781
1941
1398
1667
1704
1849
673
1899
2409
575
1530
1150
830
1311
2058
1357
1512
1882
1703
1446
1998
1659
1783
1267
1637
1462
1811
1623
1325
2035
1851
1811
1980
1331
1594
2134
3047
673
1443
1468
1408
1366
1793
1901
953
1784
950
692
1706
1209
2855
504
1651
1264
873
1318
1319
1616
1456
1890
1447
457
1797
1911
2350
1144
1326
1644
1354
2185
1474
946
543
1599
2624
1741
836
739
3054
890
2059
1050
1231
1717
1705
2562
1459
567
1389
1003
790
3377
2088
777
1583
1686
463
1246
1673
3046
671
1242
1056
1450
3498
710
2157
1085
1369
2250
712
2378
1357
624
820
1499
797
395
1390
1692
2077
1245
3104
1795
1371
1709
981
2301
1015
1546
1070
1049
3527
1814
2378
984
2328
737
1165
2094
1507
2296
556
1521
1646
1094
2078
1289
1669
1097
1515
771
1693
3349
1373
1828
1023
988
1145
1518
2374
1988
1801
1469
2152
2360
1343
1270
1857
5390
1612
1348
1030
1545
2546
2147
2467
1048
602
637
1077
2841
870
2875
2153
2161
1800
1096
1970
2004
2624
15564
1820
1573
635
1712
1840
4040
451
1571
1107
1385
4096
1663
2852
1465
2266
1459
552
1627
1455
6315
453
1967
1397
2636
1806
1047
2600
2490
2035
881
1514
1276
1483
2094
2022
1815
1701
2164
2325
606
810
755
768
566
3315
1931
1135
2026
1744
1914
1488
1900
1112
2199
2398
1073
2872
1616
1552
1533
1860
2487
1158
2069
1093
2893
1675
2154
1988
1566
1405
1711
2461
1926
1407
5349
1736
1322
967
1185
2426
1397
3218
1685
1534
1138
2772
1691
1410
2069
1681
2375
641
657
1959
1321
1560
1991
1763
1577
1473
1981
1865
3060
2193
994
1817
1272
1053
1856
1975
2078
1755
2210
2063
1779
1301
2463
1967
1234
1075
2133
1971
1609
2090
608
1911
2416
2056
2192
2193
2156
1149
1671
1951
914
2307
2460
1817
1519
2142
2135
1809
1731
3916
1117
758
629
1901
1834
1691
1987
4692
1310
1742
2072
1709
1604
1718
2311
638
1269
753
677
700
1029
1902
1505
1847
1490
2560
2216
1097
2137
1331
1580
1491
1483
1596
1780
4845
1713
1127
1319
1309
2232
2371
4568
2447
2192
2231
1503
2194
752
1037
2427
1934
798
805
654
473
776
399
1365
1673
477
2458
1297
1370
722
1001
451
1136
676
777
1722
1842
1994
738
1343
649
1119
928
697
983
687
861
572
248
1317
774
312
295
199
231
250
1456
237
640
858
948
889
779
998
485
336
1578
1457
1207
2014
819
988
598
595
280
290
215
1306
259
284
1806
558
2291
1608
2183
566
1305
1194
763
589
777
841
2246
2030
990
769
424
857
680
664
801
285
2805
1606
787
2522
1453
1201
719
671
983
754
2830
1670
633
1716
697
704
298
494
257
895
1125
1217
1091
1230
2081
2134
1488
1681
1385
925
217
1097
483
533
416
676
596
3043
1929
2073
1934
1574
1585
2265
3428
1929
964
1673
1439
929
1238
2085
2415
2418
1109
1314
2217
1485
2594
2245
1950
1896
2722
1715
1298
1693
2315
1506
2286
1577
5068
1132
1595
2650
950
1392
1818
2565
1145
1014
1524
855
787
970
1938
4260
1350
1576
1785
1875
1099
1803
2080
1979
1114
1594
1497
3275
2199
1836
1237
1669
1192
787
1904
1891
1815
2888
1084
1238
1384
1798
1446
1355
1416
785
692
762
713
4107
1563
3170
2306
1386
2389
2678
2050
2256
3200
1605
1169
1859
1532
1994
4805
2195
3419
2004
1614
2100
2361
2356
1395
1880
2173
1245
1593
2377
2163
4515
1522
2348
1580
1277
2327
1116
1128
836
1172
1190
977
873
917
1043
682
1082
1192
786
1108
1977
2246
1811
2334
1596
766
1899
1993
2378
939
3202
2504
1699
1593
844
335
429
509
560
420
607
472
508
710
512
372
937
489
305
1810
776
553
415
348
322
304
527
651
411
362
470
390
328
586
468
443
1533
1834
701
571
1739
590
1329
1912
598
472
558
2315
584
387
589
642
1188
3107
1779
717
623
554
575
766
444
682
655
476
552
592
1508
1455
736
478
512
333
637
662
524
618
515
648
443
568
3482
1961
519
494
422
443
541
638
570
1531
661
472
289
641
302
479
2925
1204
516
497
657
545
580
1195
474
700
553
284
1575
1624
2311
507
445
699
578
309
553
506
842
440
1907
768
1720
2926
999
558
431
607
539
516
585
709
310
449
355
588
469
401
1251
356
1955
2069
446
623
532
2603
836
638
413
328
590
558
1142
1837
1465
1045
455
494
586
1653
549
592
578
688
349
447
1486
383
603
395
2688
2886
473
1073
782
696
487
461
390
647
717
937
2191
1610
578
479
535
732
506
610
439
298
358
591
1500
350
1776
1180
529
278
622
899
410
569
361
559
497
505
2908
1845
2698
2291
630
629
478
631
654
603
443
701
547
513
1523
396
1880
1800
524
342
671
1118
557
579
417
380
315
416
701
563
2420
2096
693
818
480
788
407
498
397
579
448
625
1292
641
1468
2011
706
457
472
341
696
713
458
547
497
665
2118
2841
566
438
461
304
538
1533
380
682
452
288
583
413
570
266
2140
1714
614
452
478
843
434
506
510
476
645
425
2321
1760
527
424
578
468
321
301
566
641
425
604
1103
1532
567
640
459
518
636
295
449
835
524
365
515
453
2029
2394
491
550
475
428
510
720
610
668
538
611
2182
1476
491
592
898
626
2568
1518
549
811
378
482
518
504
313
501
546
388
2413
1896
1514
1140
393
379
452
965
556
483
474
416
640
734
634
413
593
631
2404
1813
554
1689
639
669
368
876
435
515
1203
474
1526
1349
480
568
449
1783
400
701
491
687
624
367
371
519
539
573
1167
1181
493
809
607
481
351
631
524
632
384
573
1682
1374
545
508
423
775
658
370
433
378
466
674
2883
1009
2427
1858
550
725
297
477
531
639
393
500
489
382
1294
701
569
283
1997
2474
933
594
626
673
508
384
538
479
1753
700
488
351
2012
1848
532
1012
609
494
419
406
424
481
709
558
3991
1198
434
780
750
491
511
410
404
329
559
498
1646
792
1652
1242
539
566
425
594
480
705
584
842
601
481
390
641
1867
1808
535
633
577
560
552
760
517
446
419
484
754
422
374
398
579
590
1625
1524
549
661
494
689
456
334
604
610
507
461
1942
2566
581
572
448
477
457
366
616
501
876
340
1615
1388
394
585
544
1204
503
640
440
582
478
490
988
612
3204
2114
624
586
485
689
584
567
482
337
395
399
2626
1538
555
587
325
356
417
1216
557
465
514
581
537
511
2222
2047
601
506
734
663
512
904
492
823
371
715
573
422
3993
469
511
405
359
1331
465
750
518
626
409
444
684
433
2861
2188
3861
1364
577
414
286
413
300
265
449
477
620
413
1884
386
1859
1459
645
570
433
940
640
641
481
436
393
501
1434
345
484
359
2248
2016
519
1509
546
626
315
438
680
596
498
353
2428
1527
522
585
401
651
265
608
433
608
669
712
2833
1066
518
419
448
388
504
1576
449
416
553
450
289
318
3075
2319
2427
712
606
347
400
1648
547
640
374
493
604
420
351
435
600
488
2099
2275
792
303
1634
486
460
504
647
414
653
383
539
553
2284
1679
496
466
432
320
342
497
701
314
1175
581
2105
2235
613
508
426
1368
829
547
435
349
422
436
2121
1663
1962
1956
480
408
656
223
301
287
274
292
355
336
701
747
1717
1205
465
482
513
1413
446
273
449
637
473
411
573
416
2502
1229
701
638
510
1234
684
600
567
663
625
566
3404
1667
465
357
551
276
457
2100
709
501
360
572
611
353
1678
450
1764
2081
452
473
464
375
527
292
533
423
491
302
2729
1285
1938
1601
510
548
448
1674
806
410
387
501
414
681
598
806
3448
866
428
405
296
319
298
302
289
299
265
309
1460
451
488
319
1974
1666
456
902
442
627
370
346
263
344
1573
343
1358
1908
501
219
620
204
584
604
341
631
447
657
595
428
1811
2334
424
512
7940
3262
5595
3993
6630
5678
4802
3591
4132
4471
3774
3058
5365
4671
5873
4546
19999
2373
4211
3187
5620
7499
4397
5013
2462
3345
4384
3887
5215
3893
5039
2293
4518
3569
3866
5405
3840
3190
2139
2755
3293
4123
11172
2711
3656
1990
2543
4257
4253
5208
6417
3884
3545
3460
6467
1989
5564
3240
2344
3973
3417
1620
3842
3060
7423
1982
2911
3276
1604
1099
4369
3043
1560
3939
6876
8330
3275
2505
2762
3256
4627
3040
3469
1385
2174
4161
3566
3127
4411
6274
4396
9162
3852
3253
3450
2962
3372
2190
3783
2818
1975
4742
3635
1533
2696
4020
3083
3243
2112
3167
2563
1470
3890
2564
4007
2739
4731
1039
3234
5538
4611
2801
4441
2295
3206
2550
4231
1526
1241
2601
2553
963
1162
3351
1418
1211
1465
1903
2722
2284
4874
1351
3228
3434
2480
1815
2880
4452
3962
2523
2354
1369
3230
3007
5025
3566
2892
1736
1141
3179
1957
1299
1549
1208
3199
2321
1185
3349
3547
2921
2200
2899
2218
2993
1999
3438
2468
2358
3102
2420
2961
2822
4007
3893
3354
2467
2159
1161
2518
1345
1097
1116
2008
2098
2085
2438
4676
2667
2431
2637
2569
2340
1552
2455
1112
2060
2186
2413
2370
2876
2950
3568
3041
2280
2199
2693
2428
3745
2948
2374
2853
2378
2378
1673
4718
2584
1971
2422
2351
2507
890
3095
2461
2420
2291
2478
2772
2407
4219
2095
3036
2316
2258
2683
3249
4659
2014
3040
2348
2788
2216
2359
4856
3143
2380
3036
2872
2358
3025
4087
2682
2521
3361
2893
2093
1856
4073
1171
1122
1597
2749
2231
2741
3046
2477
2193
1867
2922
1114
1596
3189
2704
1299
3261
3010
2333
2658
4001
2081
2361
2273
2781
973
1078
3776
2696
2703
1063
1711
2004
3166
3316
3192
3745
1817
1276
1169
1216
1747
2658
1215
2571
1168
1004
1151
2128
1227
1384
1584
1202
985
867
4971
2444
3388
1932
4120
2596
2346
3391
3180
2937
2976
911
3659
2384
4831
2542
2510
2401
3328
4459
3149
3538
2121
2808
3291
2783
2061
2458
3535
1655
2709
1638
2125
2068
2460
2534
2696
998
1195
2746
2689
3585
3834
2348
1702
2036
2743
2307
3190
3423
2141
1108
1121
2062
4824
1381
2277
1113
2595
1036
3053
1224
1354
1292
1898
2507
1479
2629
2070
1238
2075
2353
2266
3000
2176
2436
2854
2314
1520
1897
3068
2574
1912
2044
4144
3316
2893
3044
2963
2142
1026
2918
3255
2364
2981
2307
965
1698
1520
1371
2298
2689
3290
2732
2485
1781
2363
2130
1800
1467
2889
3898
3253
2993
4194
2572
2490
3020
2602
3273
2201
2494
2258
2519
2299
1890
4175
2306
2301
2407
1926
1409
1077
2686
2119
2463
2442
1096
3116
1470
6355
1383
1900
2661
2073
4020
2274
3750
1937
1393
2208
1263
2509
3021
3283
2259
2702
1958
2692
2289
2574
1393
3851
2178
2374
2466
2254
1261
6849
2654
2148
3409
3232
2311
2535
2933
2684
4621
1582
1968
2401
1058
1130
1059
1910
2842
2766
2371
2946
2242
2247
1643
1588
1236
1301
881
3805
3238
3476
1644
2331
1399
2107
2653
2170
2544
1369
1961
1649
2057
2351
2801
2151
1347
2078
2299
840
3333
1354
3206
1286
1655
2413
2166
2274
882
1879
2324
3746
1214
1992
1204
682
1227
1039
1785
2654
1275
3512
1128
2539
1674
1958
2229
1885
3520
2719
1795
2171
2585
2442
2881
3584
1592
2629
2697
2624
2379
1089
3252
2816
1475
2327
2061
2198
2009
3462
2526
1603
1017
2446
1480
2514
4426
2651
2161
1180
2287
2469
2340
2016
2198
1632
2865
2481
1909
2220
3242
1912
3817
1241
2928
1095
2458
2786
1661
2661
2202
1584
2235
6018
2318
2709
1961
1242
926
2382
2083
3064
1084
929
971
3194
978
3753
3006
2363
2551
1829
2289
4341
2125
3304
2299
3059
605
1139
938
1240
1184
1256
2531
1611
1419
1363
279
1744
712
1711
1353
1926
3360
2900
1452
1286
660
2233
1122
427
565
1784
2176
2842
1209
1561
864
525
2056
863
1014
2035
551
1741
1092
382
1053
1319
877
800
2425
2615
855
729
1320
899
582
701
2005
2436
453
767
539
1148
755
1607
1882
690
1924
1917
408
1461
1193
1795
784
1064
1854
2486
2037
3442
1897
1497
1251
667
1107
1727
401
2088
2131
1451
705
1261
608
467
2480
1747
2448
1550
415
778
937
1141
423
1043
1121
3922
2172
2222
674
705
463
495
1159
1125
1053
409
2829
2450
534
1197
538
740
1265
566
3098
1963
995
1085
1213
1919
324
1348
1298
844
2385
2201
1880
1376
924
739
617
769
1673
3123
626
708
599
1147
904
1245
1344
2038
1480
1899
1343
1762
761
802
1472
303
491
665
1865
1206
466
634
1111
1306
1076
785
2212
2023
484
1382
898
1146
1179
994
1660
1959
2268
1616
391
1007
988
1495
508
1047
1058
1766
986
2886
1805
1022
619
873
1430
1683
1009
520
915
2093
841
758
818
528
532
473
2376
1494
501
1338
1090
1012
541
768
1055
1368
2088
1002
1626
1522
385
1305
440
1323
2416
2463
1066
1128
326
876
1164
1014
2708
737
2342
2142
700
321
1080
2786
1136
1260
765
833
1687
1366
2172
811
1093
794
697
1056
1681
2682
1126
1105
510
767
1088
1421
966
1240
2465
1717
488
496
600
935
495
877
1641
2940
2116
2130
1073
1661
1009
758
1039
1006
605
1283
2685
1584
1780
878
483
499
368
407
1194
993
742
1477
1647
671
1091
1134
558
1654
1660
2108
1126
1337
1195
908
1537
1237
920
3736
1264
334
813
1277
1124
853
3126
1624
1968
899
547
1236
1179
1199
575
1080
657
1098
2152
2754
1459
1633
1001
867
870
1224
888
3637
558
683
674
1843
678
1134
945
658
3789
1843
479
600
702
1408
566
991
1907
5562
1839
9166
4559
5732
3631
3641
5632
5300
5699
5020
6256
3508
5407
8809
5146
2369
4885
4594
3352
3156
4501
4638
4797
2795
2133
2111
4956
3629
4255
5319
3270
4531
4259
3662
3274
4164
4579
4081
4110
2261
3753
3598
3918
10603
4422
5078
3660
4330
4567
4126
4240
3972
4355
3572
2737
3808
3562
6636
3481
3561
2449
4447
1980
6522
4930
3841
3229
3128
3573
1815
3438
4037
2845
3486
3185
4821
4318
1654
1996
1538
1205
1353
1432
1434
1635
1817
1290
1378
1357
3540
3963
3411
8396
1550
1380
11799
1793
1508
1947
2141
1382
1219
2475
2020
3123
3404
3936
3264
1465
2297
2824
3341
3115
3208
3089
3320
2752
3303
2755
2822
3058
2087
2951
4106
2114
2975
2477
2427
1428
1553
1716
1786
1269
1604
1970
1060
2650
2591
1483
1956
3160
1750
1567
1057
2503
1318
1492
986
1243
946
986
1740
2236
2418
1557
3217
2429
3017
3166
2149
2822
3855
2800
2816
1884
2278
2059
1313
1322
1656
1270
1383
1469
787
2572
3881
2731
2299
2132
2064
2419
2678
2937
1334
3318
2377
3248
2755
2879
3094
3727
2366
2582
959
2575
2482
1513
1397
2554
3038
3309
1407
2771
2077
3330
2122
2747
1936
2637
3211
2835
3554
2672
2485
1381
2680
2522
2387
3831
1707
2938
2439
2031
1045
2158
2958
2233
2425
1796
2890
1894
1039
3023
4225
1614
2198
2108
1570
2617
4251
2542
2287
1888
3000
2452
2771
3023
855
847
1327
1361
1013
2729
3683
1361
2326
2104
2517
1331
2443
2498
1082
1255
1102
2534
2681
2742
2542
1083
1122
2053
2258
2271
2096
2192
2785
1160
1079
1198
1774
1240
1355
2336
1003
859
1117
1375
1045
1401
1049
1110
1035
1819
2840
1085
3013
2414
2632
1121
1111
2437
2150
3167
2494
2739
1541
2386
2863
1186
1796
1353
942
973
941
1196
871
1688
994
1169
1568
1085
1289
1009
1241
1904
2087
2435
1624
2562
2755
2964
1646
2204
1118
1938
1961
2533
2207
2708
3264
2173
2156
1539
985
5525
892
939
1234
813
1499
2208
3055
1302
2191
2047
1947
2342
1929
3566
2874
2098
1654
2005
2454
2416
1239
1609
1778
1811
2117
2319
2238
4079
1957
1377
1320
2223
1407
2353
3099
1099
926
953
760
2447
2288
2979
2046
1974
1620
935
755
2171
1903
1796
2248
2062
1516
2418
3255
3634
2475
947
935
2343
1613
1962
1094
1964
2615
1796
2450
2003
1803
2360
1811
1148
1678
1743
2589
1926
2516
976
1268
2068
2418
942
2251
2577
2652
1793
1971
2365
1742
1573
2235
1816
1518
2130
2014
1412
915
1115
1671
2018
1659
2035
1819
2182
4232
1662
2660
2338
2018
1832
1773
3558
2314
2052
2552
2298
2652
1823
1720
2076
2343
2120
2456
2562
1932
3418
2637
2037
1510
1831
2086
1938
2237
1986
2589
1814
2260
1626
2159
2147
2016
2247
1819
1988
1181
5634
2414
1223
1205
2459
1204
2537
1793
2762
2521
2610
1300
1941
818
1002
989
2874
1914
2466
2050
2083
2260
2362
1068
973
771
919
888
754
1375
1026
961
960
789
762
847
1217
933
877
800
1126
2142
1874
2624
2326
2732
2364
2114
2102
2100
2569
2704
1088
703
949
2593
2080
2523
2260
2489
1627
1990
2635
2146
2894
1282
2260
1791
2291
2147
1934
2921
991
2850
2269
2172
1615
2040
3130
2426
2500
2094
2180
2411
985
2608
2041
2128
1840
2081
5276
1970
3099
1131
1930
2164
2390
2387
2219
2563
2028
2433
2339
2398
1638
1598
2800
2505
2482
1936
2409
1856
2565
3147
2048
2522
2452
2351
2895
2022
2729
2750
1991
1394
1715
1536
1846
3205
2170
2692
1620
2378
2050
865
2465
2293
2360
2010
2138
2640
2333
3209
2441
2340
1434
1462
2850
2343
3594
2103
2075
2094
1941
2041
1914
2075
1006
1609
2168
2330
1833
2171
2812
1067
2330
1823
2449
983
2075
2758
2028
2418
1772
1411
2055
2213
3018
2261
1589
2149
1404
2078
2002
2838
1424
1442
1941
1491
1931
2569
2604
1583
1905
2527
1403
2450
1753
2267
1360
2022
1989
1783
2059
2248
1189
1012
2245
2338
1793
2449
1831
2721
583
1107
1506
1830
2534
2197
3009
1823
2102
975
1434
1823
2145
3606
1823
2983
2023
1852
1874
1640
1864
1420
2738
2156
1708
2064
2151
2466
1514
2383
2321
1511
1398
3525
3418
1769
1845
1898
1831
1925
2254
905
1620
1502
2295
1485
1893
2727
2086
1399
2129
1690
1137
1397
2495
2673
1553
1827
1794
1954
1660
2050
2248
1421
1501
934
696
912
859
1017
1788
2624
1662
1348
2193
2011
1236
1924
2462
942
1560
1832
2208
2199
1677
2558
1482
1218
1859
1963
2557
2040
1795
2184
1858
1946
1570
2092
1462
2332
2042
1281
2127
2223
2664
1654
2401
2216
1365
2032
1097
3099
1471
2059
1800
2151
2200
2008
2331
1431
2190
1316
1245
2492
1615
2157
1602
2554
1891
1254
1745
1934
2395
1440
2393
1385
1960
2187
2152
2872
637
1711
1827
609
1746
2851
2809
1588
1905
1670
1477
2999
1685
2797
1838
2725
1836
1487
2556
1904
2750
788
2555
2390
1667
2561
2111
3139
1620
1976
1634
1684
1184
2706
3052
1244
2131
2048
1222
1977
1503
3041
1790
1775
1761
1356
1632
2137
1361
2012
1997
2618
1515
780
2609
3412
1289
1720
808
1874
1777
1009
3410
1635
1749
1050
1335
1495
2122
2386
751
771
1261
1971
821
3023
2054
1387
2028
2688
1698
2751
2065
2799
1120
1800
2275
1515
2102
1892
3062
1654
833
2328
1725
2554
2351
1155
1524
2071
2124
641
2188
1567
2747
1069
2051
2583
1590
2569
2508
2012
1471
2468
1888
1398
1973
1632
3272
1647
1799
2425
1722
2442
2310
3219
1589
2115
1917
454
942
939
1718
688
1498
1725
1468
1735
1280
2162
742
661
1519
1589
2306
2452
3029
1399
2240
1910
1382
1999
2017
3678
1332
2021
1928
1612
1883
18066
2721
2985
3229
7790
3811
7573
3766
2737
3494
2023
2555
6202
1816
12174
5785
1896
4427
3054
2403
11256
2467
2229
4191
2616
3789
4438
3252
3578
6649
1747
5275
1751
4344
3689
1974
1338
5769
14974
1175
4532
4478
7397
3032
7216
4399
2824
3837
4408
7470
2682
6100
3391
2324
3714
3137
8186
1456
3794
1703
1721
2723
3378
4323
1895
1271
1983
2022
3952
1770
5743
1725
4172
2898
1846
3736
2572
6932
2643
4320
3543
845
1087
2788
4598
1624
3859
1952
2020
2456
2549
3626
2496
4258
2284
2758
3090
4486
1943
2331
1213
1089
2334
2115
10449
1337
817
1128
1311
840
4685
3565
4990
2093
2212
2858
848
2861
2245
3478
1622
2372
2515
901
2017
2845
3582
1495
2598
3172
2542
2535
960
2058
764
2081
1362
2031
2467
2988
4311
728
2953
1471
1451
2463
1923
3893
1778
2402
2114
2477
2664
1495
3246
1016
1790
2445
1019
1970
3191
4995
830
1722
1290
778
1709
2149
3938
1525
2526
2234
1020
2202
1147
4217
1775
3810
1553
1505
6042
3007
8625
2760
2044
2028
1816
3000
2113
3308
1759
1885
1238
1388
1062
1685
1461
671
1632
988
633
1175
3527
2390
884
2475
1443
913
1155
2012
5455
1417
1876
1514
1331
1760
2312
2666
1168
2033
1618
2324
1338
2203
1348
1728
2032
1228
1361
1908
2284
3314
2045
2296
2423
929
1691
1494
3994
1479
1389
2660
1474
2837
2691
2586
993
1625
2014
1806
1962
2490
4060
1800
2059
2322
1603
2006
872
3871
2006
2121
1255
1560
2789
979
3910
1654
1356
1136
1958
2083
2330
3460
1479
2286
1986
1646
5559
1628
8004
842
987
1072
733
1186
1107
4061
1101
919
1363
1956
2757
1021
1377
1767
1047
1122
682
1031
1184
4090
909
1654
1439
631
1015
1002
2002
704
1049
1118
647
962
1669
4617
607
905
1299
691
1461
815
3008
1789
2343
2255
2012
1732
1869
2489
2416
2894
1840
2157
1170
1052
936
2061
2890
1795
1060
4073
2438
3177
1839
2675
1584
786
2046
985
6061
1560
2278
1910
2004
3071
2045
3332
1228
2244
1220
1391
2636
1614
3622
1225
1861
1677
2122
1138
2136
3990
1802
1256
1728
1632
1622
4877
1382
1368
2458
2259
1813
2686
2843
6793
1679
2051
1908
1010
2198
1880
3462
2292
1014
1112
3133
2468
1944
2376
2093
3093
1803
1638
2823
2215
1872
627
1022
1800
1610
1502
2030
5947
1263
1440
2010
1742
2251
2567
2761
671
2281
2352
1466
2546
2125
3936
1214
906
894
1558
2232
2191
3398
485
1479
905
570
1059
990
4124
1587
1845
2499
1608
3665
2896
2982
781
2280
1544
1747
3360
2634
2240
1468
2958
998
1295
2112
2315
3838
1496
3220
1749
1945
1698
1884
3223
1550
2897
1712
1605
3718
1742
10147
685
818
1575
2128
1696
2619
2145
1897
2390
1210
1127
1811
2444
5292
632
3135
3551
562
2321
1608
1488
649
2987
3672
1277
2341
2953
3219
1207
2924
1967
1477
1572
2609
3761
813
1495
1565
940
1489
1318
1384
683
2088
1485
1429
2171
1067
1598
795
639
774
909
856
596
646
523
573
700
762
634
925
1177
2449
506
1768
1349
1589
1475
1946
1361
1739
971
1889
1098
1928
2059
1522
960
1193
674
2064
988
3106
582
1316
2206
1966
1391
1401
1596
1750
1009
2137
1805
491
1367
2146
1177
1292
1829
1186
1479
1613
1502
975
579
536
956
1619
842
1926
1152
1737
1102
1134
1614
1110
1194
1485
1766
1546
1556
1385
1185
1197
2014
1775
1358
1640
1273
1307
1232
2585
589
1142
666
2077
904
1558
659
541
904
529
457
697
654
2414
1615
1482
1962
890
1388
1290
1039
1625
733
952
1083
2613
1990
1851
988
1883
1131
1421
1147
3423
931
1391
1096
1085
1351
990
2825
2315
891
1799
1156
2420
2114
4740
636
2865
1231
894
1519
1839
4605
1253
1447
1256
1528
2592
2159
2740
1627
2665
2637
1131
1741
1542
2939
1298
2193
2833
1412
1919
2790
4319
1481
1401
2511
977
2966
1032
1444
2545
3762
1151
1675
2089
2884
2260
973
2310
1536
795
1907
2078
2137
1292
2004
990
669
1009
2020
3501
1430
1194
1281
3005
2396
2338
3146
2294
1194
2056
1219
3240
2265
3088
1595
3011
1522
1189
1886
2069
3686
2112
3400
947
2824
3037
1988
3468
1375
1679
1471
2119
2334
2059
5032
1961
2757
1392
1741
1844
2073
3234
1582
2112
1180
1352
2168
2118
2690
888
2260
2372
967
1510
2474
3061
3260
2866
1631
2250
2473
1815
2993
800
3598
2070
1860
1738
1918
2131
842
1937
1511
1617
1841
2038
3849
1265
1879
1242
1340
1657
3385
3339
1658
1653
1853
1215
1393
2028
3053
2173
1275
3073
1602
2663
1999
10626
710
991
1069
858
1173
945
1034
812
1796
1629
1200
2636
1430
3834
1066
1523
1819
1252
1893
2678
2299
1710
3258
1723
1184
2221
2460
2926
743
2561
1236
2549
2400
1379
2580
540
2610
1787
1219
1342
1728
2931
1425
1640
2154
1547
2133
1641
2315
2143
1839
1462
777
1823
2121
4625
1822
3824
1727
1660
1627
2556
2191
750
1332
1331
1319
2446
1752
3745
1664
2293
679
2049
1350
1303
3621
1817
2085
1286
1378
3163
2003
3189
1201
2045
1608
2294
2489
1644
4242
1608
1398
1391
1738
3925
2735
2877
2146
2323
1844
1592
2310
1731
2756
1262
1650
2099
1492
2956
1292
3860
1371
2553
1332
1506
2959
2607
1977
1985
3875
1223
1926
1816
1493
2927
1361
1822
1223
1429
2085
2334
2063
1074
1572
997
1257
1748
1894
1941
656
958
970
584
1526
1882
1373
1078
2089
1896
1305
2348
1416
3783
683
894
1727
684
828
1238
4959
1617
2849
1768
2226
2097
1535
2957
993
3272
2858
2487
3064
1719
3880
1834
3192
1458
1706
1739
1588
1401
1872
1957
1431
2245
1130
11681
3968
2792
8779
5861
2688
7044
2211
4487
3829
1258
2589
5887
3235
7445
11618
1694
2108
5277
2031
2972
6078
4147
3560
1594
1880
5184
1892
5712
2352
1655
2047
1521
5102
4210
3113
1478
3139
2849
1737
3026
4636
13469
2005
3613
3490
2278
4281
2963
8495
2995
2840
2570
1621
2801
2676
7124
2524
5545
2141
814
3115
2660
9643
1807
4144
2204
2114
3927
3849
5834
1576
4121
2112
2458
2873
2520
5007
1734
2881
3272
1922
4260
1822
4589
3242
3689
2369
1309
2803
2618
4361
2169
3684
2334
2003
2113
2800
5433
2450
3988
2947
1338
4270
2264
2826
1366
3132
3086
1336
3406
2266
6241
1157
3207
2140
1322
2013
3840
3653
1633
5177
3463
1268
1475
4669
5427
2409
1376
4739
2735
2541
2357
5755
3523
1023
1797
916
1400
2961
2485
690
1124
1000
1173
1534
3083
4026
1254
2780
1346
1384
4233
1247
2903
1913
2625
2162
1404
2622
1567
4066
1064
3632
1759
1180
1947
2961
4161
978
2486
2242
1120
6802
1449
4522
1615
993
1942
1668
1183
1767
3232
1733
3197
1851
1494
2198
1256
5027
1216
1702
1850
2022
2362
2213
4451
1721
2491
1763
946
2019
1936
3507
1431
3280
2149
1666
3234
2463
5758
1373
3264
3641
1717
2039
4338
5300
1243
1907
1404
923
2336
2925
1856
2295
1039
2152
1610
1256
2340
3963
1563
2281
2007
1079
1582
2240
3261
1755
2491
1686
1265
2126
2221
2783
1589
1681
1101
1641
3512
3193
4204
3436
1350
2556
2418
3247
1859
4360
2408
2258
1470
1059
2592
1172
3160
2907
2177
1535
660
1710
1553
2451
1401
1979
1320
906
2137
1214
2870
806
2148
1342
702
4596
1872
2673
1092
2089
2432
979
1938
1296
1946
730
2186
1249
751
1137
